unames = {1:'v', 2:'h', 3:'s'}
parnames = {1: 'epsilon', 2: 'gamma', 3: 'delta',
 4: 'vr1', 5: 'sr0', 6: 'sr1', 8: 'vr0', 9: 'hr0', 11: 'Tr'}
NDIM=   3, IPS =   4, IRS = UZ1, ILP =   0
ICP =  ['Tr', 'sr1', 'vr0', 'hr0']
NTST= 100, NCOL=   4, IAD =   3, ISP =   1, ISW = 1, IPLT= 0, NBC= 4, NINT= 0
NMX=  1200, NPR= 1200, MXBF=   0, IID =   2, ITMX= 8, ITNW= 5, NWTN= 3, JAC= 0
EPSL= 1e-09, EPSU = 1e-09, EPSS = 1e-07
DS  = 0.1, DSMIN= 5e-05, DSMAX=  10.0, IADS=   1
NPAR = 11, THL =  {}, THU =  {}
UZR = {'Tr':[144.10077659,160.62079695,178.59845751,
             197.98334090,218.62796126,240.27107973]}
STOP = ['UZ2']
